12113091
12114007
12114035
12114078
12114092
12114116
12115009
12115014
12115015
12115016
12115018
12115019
12115020
12115022
12115023
12115062
12115073
12115093
12115094
12116012
12116054
12117010
12117016
12117020
12117065
12119040
12119042
12120017
12120026
12121017
12121022
12121034
12121050
12121067
12122019
12127003
12127010
12127011
12127017
12127018
12127032
12128025
12132043
12132061
12133018
12134023
12136005
12136006
12136014
12136017
12136022
12136023
12136024
12136025
12136027
12136028
12136029
12136030
12136031
12136034
12136054
12138005
12138017
12138021
12146004
12146006
12146007
12146008
12151035
12153002
12153004
12153007
12153013
12157038
12157051
12158040
12158041
12158054
12158056
12158057
12162055
12162056
12162057
12162058
12164037
12164078
12164079
12166002
12166003
12167015
12167024
12167052
12168002
12168009
12168022
12168077
12170044
12170045
12170054
12170056
12172050
12172051
12172055
12173030
12173031
12173032
12173033
12173034
12174067
12174085
12175062
12175087
12175113
12175114
12175115
12176001
12176044
12176054
12176071
12177015
12177061
12177092
12177099
12177101
12177106
12177107
12177108
12178003
12178004
12178005
12178006
12178013
12178099
12178120
15046073
15046089
15046094
15046096
15046102
15046103
15046104
15046105
15046106
15046107
15046108
15046109
15046110
15046111
15047004
15047015
15047016
15047019
15047021
15047023
15047024
15047026
15047027
15047028
15047029
15047030
15047039
15047040
15047041
15047044
15047047
15047050
15047052
15047053
15047056
15047057
15047061
15047062
15047063
15047064
15047065
15047068
15047069
15047070
15047071
15047072
15047074
15047075
15047082
15047085
15047086
15047087
15047093
15047096
15047097
15047098
15047100
15047102
15047104
15047106
15048003
15048004
15048012
15048013
15048014
15048016
15048017
15048018
15048019
15048020
15048021
15048023
15048024
15048025
15048026
15048028
15048029
15048030
15048031
15048033
15048034
15048074
15048075
15048076
15048077
15048078
15048079
15048080
15048081
15048082
15048083
15048084
15048085
15048086
15048087
15048088
15048089
15048091
15048092
15048093
15048094
15048095
15048096
15048097
15048098
15049002
15049003
15049009
15049013
15049014
15049015
15049016
15049017
15049018
15049019
15049020
15049021
15049022
15049023
15049025
15049026
15049027
15049028
15049030
15049031
15049032
15049033
15049037
15049038
15049039
15049040
15049041
15049074
15049077
15049083
15049084
15049085
15049086
15049087
15049088
15049089
15049090
15049091
15049092
15049093
15049094
15049096
15049097
15049098
15049099
15050001
15050002
15050003
15050004
15050005
15050006
15050010
15050011
15050012
15050013
15050014
15050015
15050016
15051131
15051132
15051133
15051134
15051137
15051141
15051144
15051146
15051147
15051148
15051149
15051156
15051157
15051159
15051160
15052001
15052004
15052005
15052006
15052007
15052008
15052009
15052010
15052011
15052014
15052015
15052016
15052017
15052018
15052019
15052020
15052021
15052022
15052023
15052024
15052025
15052026
15052040
15052041
15052042
15052043
15052060
15052061
15052062
15052063
15052064
15052065
15052066
15052067
15052068
15052069
15052070
15052073
15052074
15052075
15053027
15053028
15053029
15053034
15053035
15053052
15053054
15053055
15054053
15054054
15055018
15055137
15056117
15057055
15057059
15058006
15058011
15058021
15059057
15059058
15061001
15061009
15062006
15062069
15065012
15065014
15066070
15068013
15068014
15068016
15068018
15069036
15070008
15070009
15070010

